 xii
           1           1  -3.0064328188660090     
           2           2  -6.3493767311674159     
           3           3  -10.820691778510939     
 xij
           1           2  -11.949504909012889     
           1           3   8.4432772421464684     
           2           3   3.0063467615886008     
 dw
           1  -1.9390752226707778E-002
           2  -2.5762318496968119E-002
           3   1.7996171360721335E-003
 y_iii
           1           1           1  -8.0061946492663461E-002
           2           2           2 -0.27487397916611134     
           3           3           3  0.20382033817474138     
 y_iij
           1           1           2 -0.54643488616355940     
           1           1           3  0.32819249256691774     
           2           2           1 -0.87463601561843340     
           2           2           3  0.81206206771825540     
           3           3           1 -0.47343180239900484     
           3           3           2 -0.74797316631033950     
 y_ijk
           1           2           3   1.4592066524464884     
