           0           0           0   0.0000000000000000     
           1           0           0   140.61427286476234     
           0           1           0   828.51523494661706     
           0           0           1   1198.1080151846497     
           2           0           0   274.27688017976209     
           0           2           0   1641.7952766705043     
           0           0           2   2375.1876248871399     
           1           1           0   955.06746442502572     
           1           0           1   1347.6046899981177     
           0           1           1   2030.4873780218941     
           3           0           0   400.50745026604324     
           0           3           0   2438.1908812966653     
           0           0           3   3532.4617511365209     
           2           1           0   1073.5751585813446     
           2           0           1   1490.8060842469565     
           1           2           0   1752.5361907313224     
           0           2           1   2849.2556717718448     
           1           0           2   2532.6198380445153     
           0           1           2   3209.9351692823921     
           1           1           1   2167.3812161014544     
           4           0           0   518.82561144464967     
           0           4           0   3216.0528049501017     
           0           0           4   4671.1533159618402     
