  1  8  7        0.0000000000
  1  7  8        0.0000000000
  2  8  7        0.0000000000
  2  7  8        0.0000000000
  3  8  7       -0.5241774299
  3  7  8        0.5241774299
  1  9  7        0.0000000000
  1  7  9        0.0000000000
  2  9  7       -0.6098433018
  2  7  9        0.6098433018
  3  9  7        0.0000000000
  3  7  9        0.0000000000
  1 10  7        0.0000000000
  1  7 10        0.0000000000
  2 10  7        0.6060513814
  2  7 10       -0.6060513814
  3 10  7        0.0000000000
  3  7 10        0.0000000000
  1 11  7        0.0000000000
  1  7 11        0.0000000000
  2 11  7        0.5106788328
  2  7 11       -0.5106788328
  3 11  7        0.0000000000
  3  7 11        0.0000000000
  1 12  7        0.0000000000
  1  7 12        0.0000000000
  2 12  7        0.0000000000
  2  7 12        0.0000000000
  3 12  7       -0.8516090782
  3  7 12        0.8516090782
  1  9  8       -0.2330861237
  1  8  9        0.2330861237
  2  9  8        0.0000000000
  2  8  9        0.0000000000
  3  9  8        0.0000000000
  3  8  9        0.0000000000
  1 10  8       -0.3280638392
  1  8 10        0.3280638392
  2 10  8        0.0000000000
  2  8 10        0.0000000000
  3 10  8        0.0000000000
  3  8 10        0.0000000000
  1 11  8       -0.9154479649
  1  8 11        0.9154479649
  2 11  8        0.0000000000
  2  8 11        0.0000000000
  3 11  8        0.0000000000
  3  8 11        0.0000000000
  1 12  8        0.0000000000
  1  8 12        0.0000000000
  2 12  8        0.0000000000
  2  8 12        0.0000000000
  3 12  8        0.0000000000
  3  8 12        0.0000000000
  1 10  9        0.0000000000
  1  9 10        0.0000000000
  2 10  9        0.0000000000
  2  9 10        0.0000000000
  3 10  9        0.0000000000
  3  9 10        0.0000000000
  1 11  9        0.0000000000
  1  9 11        0.0000000000
  2 11  9        0.0000000000
  2  9 11        0.0000000000
  3 11  9        0.0000000000
  3  9 11        0.0000000000
  1 12  9       -0.8595748928
  1  9 12        0.8595748928
  2 12  9        0.0000000000
  2  9 12        0.0000000000
  3 12  9        0.0000000000
  3  9 12        0.0000000000
  1 11 10        0.0000000000
  1 10 11        0.0000000000
  2 11 10        0.0000000000
  2 10 11        0.0000000000
  3 11 10        0.0000000000
  3 10 11        0.0000000000
  1 12 10        0.5097265180
  1 10 12       -0.5097265180
  2 12 10        0.0000000000
  2 10 12        0.0000000000
  3 12 10        0.0000000000
  3 10 12        0.0000000000
  1 12 11        0.0361922716
  1 11 12       -0.0361922716
  2 12 11        0.0000000000
  2 11 12        0.0000000000
  3 12 11        0.0000000000
  3 11 12        0.0000000000
