          11          11          11    1334.7682576213315     
          10          11          11    19.069984397613091     
           9          11          11   -2.9960641017093073     
          10          10          11   -77.298076095742246     
           9          10          11    60.516167942002156     
           9           9          11   -78.250441065240750     
           7           7          11   -345.76140960036986     
           8           7          11  -1.46769307319239925E-004
          12          12          11    1405.7821749867683     
           8          12          11   -2.2376632059842243     
           8           8          11   -246.35478206584077     
          10          10          10   -547.65403313311322     
           9          10          10   -132.51048535787154     
           9           9          10   -138.48435795696778     
           7           7          10   -55.568525567591372     
          12          12          10    130.54093809888261     
           8          12          10    159.23605406565127     
           8           8          10   -22.136611805897203     
           9           9           9    25.694134490658495     
           7           7           9    64.408094218017979     
           8           7           9   2.03933284311980453E-004
          12          12           9   -128.61024182460713     
           8          12           9   -192.87753554186605     
           8           8           9   -107.17981856969777     
           8          12           7   -5.79892194633468126E-004
           8           8           7   6.74535351422491996E-004
