    1    1    7   0     0.000000000000000
    1    2    7   0     0.000000000000000
    1    3    7   0     0.000000000000000
    2    1    7   0     0.000000000000000
    2    2    7   0     0.000000000000000
    2    3    7   0     0.000000000000000
    3    1    7   0     0.000000000000000
    3    2    7   0     0.000000000000000
    3    3    7   0     0.000000000000000
    1    1    8   0     0.000000000000000
    1    2    8   0     0.000000000000000
    1    3    8   0     0.000000000000000
    2    1    8   0     0.000000000000000
    2    2    8   0     0.000000000000000
    2    3    8   0    -0.020537066456665
    3    1    8   0     0.000000000000000
    3    2    8   0    -0.020537066456665
    3    3    8   0     0.000000000000000
    1    1    9   0     0.030802969055510
    1    2    9   0     0.000000000000000
    1    3    9   0     0.000000000000000
    2    1    9   0     0.000000000000000
    2    2    9   0     0.041375560853501
    2    3    9   0     0.000000000000000
    3    1    9   0     0.000000000000000
    3    2    9   0     0.000000000000000
    3    3    9   0    -0.010572591797991
    1    1   10   0     0.050155072804073
    1    2   10   0     0.000000000000000
    1    3   10   0     0.000000000000000
    2    1   10   0     0.000000000000000
    2    2   10   0     0.044428953437655
    2    3   10   0     0.000000000000000
    3    1   10   0     0.000000000000000
    3    2   10   0     0.000000000000000
    3    3   10   0     0.005726119366418
    1    1   11   0    -0.019638880617897
    1    2   11   0     0.000000000000000
    1    3   11   0     0.000000000000000
    2    1   11   0     0.000000000000000
    2    2   11   0    -0.005225699787044
    2    3   11   0     0.000000000000000
    3    1   11   0     0.000000000000000
    3    2   11   0     0.000000000000000
    3    3   11   0    -0.014413180830853
    1    1   12   0     0.000000000000000
    1    2   12   0     0.000000000000000
    1    3   12   0     0.000000000000000
    2    1   12   0     0.000000000000000
    2    2   12   0     0.000000000000000
    2    3   12   0     0.008226523401833
    3    1   12   0     0.000000000000000
    3    2   12   0     0.008226523401833
    3    3   12   0     0.000000000000000
