          11          11          11          11   523.00133841991806     
          10          11          11          11   13.226989844491184     
           9          11          11          11  -6.8290504252653355     
          10          10          11          11  -42.978456454742378     
           9          10          11          11   77.294405815090514     
           9           9          11          11  -132.62596901295717     
           7           7          11          11  -279.60513790818658     
          12          12          11          11   566.54675231581541     
           8          12          11          11  -1.8839081399591013     
           8           8          11          11  -214.82027229365480     
          10          10          10          11   3.7651573898751933     
           9          10          10          11   19.534903716295453     
           9           9          10          11  -21.006107112547276     
           7           7          10          11  -26.084212718524931     
          12          12          10          11   38.032864320615758     
           8          12          10          11   105.29539604306321     
           8           8          10          11  -10.648088871511565     
           9           9           9          11   15.953306681443792     
           7           7           9          11   18.628797819029757     
          12          12           9          11  -49.626426591667027     
           8          12           9          11  -178.92505460254026     
           8           8           9          11  -24.336701109419941     
          10          10          10          10 0  152.42570942788751     
           9          10          10          10 0  47.330959630802013     
           9           9          10          10 0  25.868664065472423     
           7           7          10          10 0 -8.2860218578928535     
          12          12          10          10 0 -70.416525735562573     
           8          12          10          10 0  12.882879481705887     
           8           8          10          10 0  6.9044998689027182     
           9           9           9          10 0 -1.5364991344915477     
           7           7           9          10 0 -14.994332526117947     
          12          12           9          10 0  104.56661299477956     
           8          12           9          10 0 -27.342193191880114     
           8           8           9          10 0 -25.336774672829403     
           9           9           9           9 0  9.4047061046879215     
           7           7           9           9 0  14.731573587441140     
          12          12           9           9 0 -177.07351319401795     
           8          12           9           9 0  16.942319260142781     
           8           8           9           9 0  40.550722880075895     
           7           7           7           7 0  165.84976234777989     
          12          12           7           7 0 -328.49036334110895     
           8          12           7           7 0 0.96122829400472465     
           8           8           7           7 0  32.430140916333933     
          12          12          12          12 0  604.38783161292281     
           8          12          12          12 0 -57.617884358923313     
           8           8          12          12 0 -224.60672016542972     
           8           8           8          12 0 -21.175952475454253     
           8           8           8           8 0  97.794864449089530     
