          11          11          11          11          11    220.12097520391879     
          10          11          11          11          11    3.0447218773005398     
           9          11          11          11          11   -3.5863261095238639     
          10          10          11          11          11   -28.204972270240329     
           9          10          11          11          11    45.344233307815465     
           9           9          11          11          11   -78.456809010202150     
           7           7          11          11          11   -152.47131412472618     
          12          12          11          11          11    239.51491796958010     
           8          12          11          11          11   -1.3072114435619782     
           8           8          11          11          11   -114.87348308082201     
          10          10          10          11          11   -6.4362548854349093     
           9          10          10          11          11    6.4261241321066374     
           9           9          10          11          11   -8.9199067831785328     
           7           7          10          11          11   -8.6283089624804905     
          12          12          10          11          11    11.190467182949245     
           8          12          10          11          11    57.743118086261703     
           8           8          10          11          11   -1.4395695469208176     
           9           9           9          11          11    9.6557698607439431     
           7           7           9          11          11    8.3028290843352792     
          12          12           9          11          11   -18.990994585693237     
           8          12           9          11          11   -99.867232942840616     
           8           8           9          11          11   -5.4538310938137951     
          10          10          10          10          11   -2.5895387362329449     
           9          10          10          10          11   -7.6984795807612247     
           9           9          10          10          11    10.412614936360232     
           7           7          10          10          11    8.7437218428342636     
          12          12          10          10          11   -33.514733828611497     
           8          12          10          10          11    7.0247525067096266     
           8           8          10          10          11    20.912525261832073     
           9           9           9          10          11   -17.682965784991826     
           7           7           9          10          11   -13.505622764553074     
          12          12           9          10          11    53.790237370160057     
           8           8           9          10          11   -32.328531592740454     
           9           9           9           9          11    33.502166047255471     
           7           7           9           9          11    24.645127897225581     
          12          12           9           9          11   -91.977204879080830     
           8          12           9           9          11    9.8324897220142411     
           8           8           9           9          11    61.060661452778945     
           7           7           7           7          11    167.53748141062459     
          12          12           7           7          11   -171.77215540034308     
           8          12           7           7          11    1.6517343233896091     
           8           8           7           7          11    39.661956592141514     
           8           8           8           7          11   9.17038928572821571E-002
          12          12          12          12          11    254.07537062711904     
           8          12          12          12          11   -23.810467818704382     
           8           8          12          12          11   -120.30762317374138     
           8           8           8          12          11   -4.2419747372617111     
           8           8           8           8          11    95.720221584134379     
          10          10          10          10          10   -41.435037895352615     
           9          10          10          10          10   -16.406990836336441     
           7           7          10          10          10    6.8174885870764479     
          12          12          10          10          10   -3.1726609385668425     
           8          12          10          10          10   -10.870518111985561     
           8           8          10          10          10    9.4857586984691178     
           9           9           9          10          10   -8.7537736668055430     
           7           7           9          10          10   -2.4063967236302819     
          12          12           9          10          10    7.3083363883943342     
           8          12           9          10          10    21.398877000403864     
           8           8           9          10          10   -4.8383090027437046     
           9           9           9           9          10    13.329062912290755     
           7           7           9           9          10    7.8658982711354453     
          12          12           9           9          10   -11.073681492423566     
           8          12           9           9          10   -33.592462367906229     
           8           8           9           9          10    6.5073568891506461     
           7           7           7           7          10    21.776594696223114     
          12          12           7           7          10   -10.921854638546744     
           8          12           7           7          10   -21.628430716028635     
           8           8           7           7          10    4.3868332639396046     
           8           8           8           7          10   7.81185998135702775E-002
          12          12          12          12          10    18.693383184427592     
           8          12          12          12          10    64.884368343063869     
           8           8          12          12          10   -11.828972700204359     
           8           8           8          12          10   -42.204154293700782     
           8           8           8           8          10  -0.77591045008492088     
           9           9           9           9           9   -19.328080085520490     
           7           7           9           9           9   -9.6416170247932538     
          12          12           9           9           9    15.918346271979697     
           8          12           9           9           9    59.982804778022967     
           8           8           9           9           9   0.43226798086010210     
           7           7           7           7           9   -16.695943610187825     
          12          12           7           7           9    11.681746215119194     
           8          12           7           7           9    38.636102391084435     
           8           8           7           7           9  -9.09619016054295515E-002
           8           8           8           7           9  -0.12777907499371438     
          12          12          12          12           9   -34.308877196330293     
           8          12          12          12           9   -111.11865198054033     
           8           8          12          12           9    15.064351827227950     
           8           8           8          12           9    77.394142478915469     
           8           8           8           8           9    16.117986363359300     
           8           8           8          12           7   0.30998114229562024     
           8           8           8           8           7  -0.25097854137190434     
