          11          11          11          11          11          11    95.819298857100563     
          10          11          11          11          11          11  -0.74341158234789351     
           9          11          11          11          11          11    1.4079612466837164     
          10          10          11          11          11          11   -15.563066367917170     
           9          10          11          11          11          11    26.428095648406742     
           9           9          11          11          11          11   -45.050852296643001     
           7           7          11          11          11          11   -83.355485625199123     
          12          12          11          11          11          11    102.72204130887656     
           8          12          11          11          11          11   0.89222891817835248     
           8           8          11          11          11          11   -62.279626390284299     
          10          10          10          11          11          11   -2.3117523292174380     
           9          10          10          11          11          11    3.8578836261238734     
           9           9          10          11          11          11   -5.4923980524619536     
           7           7          10          11          11          11   -3.5668093950577311     
          12          12          10          11          11          11    4.3495552195800036     
           8          12          10          11          11          11    32.172829190957273     
           8           8          10          11          11          11  -0.33450881133565896     
           9           9           9          11          11          11    7.9635009007687403     
           7           7           9          11          11          11    4.2890803275587768     
          12          12           9          11          11          11   -6.8327515655385112     
           8          12           9          11          11          11   -55.235118747519181     
           8           8           9          11          11          11   -1.5469482539665076     
          10          10          10          10          11          11    3.3049190427314410     
           9          10          10          10          11          11   -4.8269417008629896     
           9           9          10          10          11          11    8.5137341424987074     
           7           7          10          10          11          11    6.0868360085117361     
          12          12          10          10          11          11   -16.640746019994776     
           8          12          10          10          11          11    3.1846937139167903     
           8           8          10          10          11          11    13.458500222519474     
           9           9           9          10          11          11   -14.150350097633279     
           7           7           9          10          11          11   -9.9460788197215244     
          12          12           9          10          11          11    28.856371240148587     
           8           8           9          10          11          11   -23.125959898840946     
           9           9           9           9          11          11    24.844354466475810     
           7           7           9           9          11          11    17.091015733385976     
          12          12           9           9          11          11   -49.680383759639895     
           8          12           9           9          11          11    5.3082156121364292     
           8           8           9           9          11          11    41.252995242914146     
           7           7           7           7          11          11    108.15705328871908     
          12          12           7           7          11          11   -91.747409311357671     
           8          12           7           7          11          11    1.3111720152112973     
           8           8           7           7          11          11    26.440999005774174     
          12          12          12          12          11          11    105.39109915172573     
           8          12          12          12          11          11   -9.2921119082754924     
           8           8          12          12          11          11   -65.743949833288781     
           8           8           8           8          11          11    59.135698928727592     
          10          10          10          10          10          11    2.4956934908521697     
           9          10          10          10          10          11  -0.39293883929121248     
           9           9          10          10          10          11    1.4288938987897932     
           7           7          10          10          10          11    1.4283789084176299     
          12          12          10          10          10          11   -1.8667233986358476     
           8          12          10          10          10          11   -7.4123041177650100     
           8           8          10          10          10          11    2.0941215940709874     
           9           9           9          10          10          11   -1.6454530385603112     
           7           7           9          10          10          11   -2.0635110877683802     
          12          12           9          10          10          11    3.9757294610537546     
           8           8           9          10          10          11   -2.9458952455784173     
           9           9           9           9          10          11    1.9188799062618123     
           7           7           9           9          10          11    3.1050939593277418     
          12          12           9           9          10          11   -6.4568146826263693     
           8           8           9           9          10          11    2.4654645259310235     
           7           7           7           7          10          11    10.123487988952871     
          12          12           7           7          10          11   -4.5305837861330751     
           8           8           7           7          10          11    2.3152911529719535     
          12          12          12          12          10          11    9.1392648454751928     
           8          12          12          12          10          11    34.823893160399273     
           8           8          12          12          10          11   -5.9032371326627029     
           8           8           8          12          10          11   -28.111629821246609     
           8           8           8           8          10          11   -1.1072337165428650     
           9           9           9           9           9          11   -1.4610815081126334     
           7           7           9           9           9          11   -4.2122713407259935     
          12          12           9           9           9          11    10.022993897045216     
           8          12           9           9           9          11    38.448848549704529     
           8           8           9           9           9          11   -1.2090087041617901     
           7           7           7           7           9          11   -10.357254379147546     
          12          12           7           7           9          11    6.4877632243007692     
           8           8           7           7           9          11  -0.89038689321409348     
          12          12          12          12           9          11   -15.535760083807595     
           8          12          12          12           9          11   -59.822975751614166     
           8           8          12          12           9          11    8.2597508181755064     
           8           8           8          12           9          11    50.598271970087914     
           8           8           8           8           9          11    5.9646082950294419     
           8           8           8           8           7          11    1.0099202036957271     
          10          10          10          10          10          10    13.737656114988395     
           9          10          10          10          10          10    4.9152451109187707     
           9           9          10          10          10          10   0.73820110795063321     
           7           7          10          10          10          10   -1.9470928997216728     
          12          12          10          10          10          10    3.1540503274800100     
           8          12          10          10          10          10   -1.5092813255249853     
           8           8          10          10          10          10   -5.3512508797830405     
           9           9           9          10          10          10    3.1782824627881054     
           7           7           9          10          10          10    1.5066225415140253     
          12          12           9          10          10          10   -6.5125332594385288     
           8          12           9          10          10          10    1.9327133684458098     
           8           8           9          10          10          10    6.3038067479471440     
           9           9           9           9          10          10   -4.7910447125353777     
           7           7           9           9          10          10   -3.7731899020330122     
          12          12           9           9          10          10    10.507111834983151     
           8          12           9           9          10          10   -3.4482818717739954     
           8           8           9           9          10          10   -12.658532521970253     
           7           7           7           7          10          10   -6.2939971233677232     
          12          12           7           7          10          10    7.5319792102435397     
           8          12           7           7          10          10   -1.5785676363123782     
           8           8           7           7          10          10   -3.9844512631554654     
          12          12          12          12          10          10   -16.492374589675105     
           8          12          12          12          10          10    4.9269517295819059     
           8           8          12          12          10          10    15.161896067406680     
           8           8           8          12          10          10   -3.2906657482583554     
           8           8           8           8          10          10   -13.901382982060429     
           9           9           9           9           9          10    9.9194904219864917     
           7           7           9           9           9          10    6.7285439624715844     
          12          12           9           9           9          10   -19.150149556262210     
           8          12           9           9           9          10    5.0002516597937214     
           8           8           9           9           9          10    20.700807114465132     
           7           7           7           7           9          10    13.307205266650287     
          12          12           7           7           9          10   -12.509191616777013     
           8           8           7           7           9          10    6.6086758046975369     
          12          12          12          12           9          10    29.067466826482537     
           8          12          12          12           9          10   -7.8110124109846195     
           8           8          12          12           9          10   -26.634089818060183     
           8           8           8          12           9          10    3.7444565864990325     
           8           8           8           8           9          10    24.603538984473708     
           8           8           8           8           7          10   0.84442523522242685     
           9           9           9           9           9           9   -21.209972096889082     
           7           7           9           9           9           9   -12.995490135451467     
          12          12           9           9           9           9    33.571985711136278     
           8          12           9           9           9           9   -6.6582668266998359     
           8           8           9           9           9           9   -39.033029704995208     
           7           7           7           7           9           9   -25.746473974977270     
          12          12           7           7           9           9    21.454552373833703     
           8          12           7           7           9           9   -2.7150142764563343     
           8           8           7           7           9           9   -13.901184459302119     
          12          12          12          12           9           9   -50.692601147464551     
           8          12          12          12           9           9    12.369290366048263     
           8           8          12          12           9           9    46.916714585711176     
           8           8           8          12           9           9   -3.6070271604437418     
           8           8           8           8           9           9   -46.452250107652219     
           8           8           8           8           7           9   -1.3818384995163453     
           7           7           7           7           7           7   -172.85786607425896     
          12          12           7           7           7           7    121.61049158358023     
           8           8           7           7           7           7   -23.560137691202616     
          12          12          12          12           7           7   -96.965142529160246     
           8          12          12          12           7           7    6.2977981739782614     
           8           8          12          12           7           7    29.824464136734655     
           8           8           8           8           7           7   -15.395775254091509     
           8           8           8           8          12           7    3.3837612444292211     
           8           8           8           8           8           7   -2.7115293662817233     
          12          12          12          12          12          12    97.276343846857884     
           8          12          12          12          12          12   -17.670665308979064     
           8           8          12          12          12          12   -70.357449398695124     
           8           8           8          12          12          12    12.651804818617160     
           8           8           8           8          12          12    59.308941265832033     
           8           8           8           8           8          12    5.9350109075373840     
           8           8           8           8           8           8   -70.885356137318013     
